80
0.500000 0.500000 -1.000000
0.500000 0.400000 -1.000000
0.400000 0.400000 -1.000000
0.400000 0.500000 -1.000000
0.500000 0.500000 0.000000
0.500000 0.400000 0.000000
0.400000 0.400000 0.000000
0.400000 0.500000 0.000000
0.500000 -0.400000 -1.000000
0.500000 -0.500000 -1.000000
0.400000 -0.500000 -1.000000
0.400000 -0.400000 -1.000000
0.500000 -0.400000 0.000000
0.500000 -0.500000 0.000000
0.400000 -0.500000 0.000000
0.400000 -0.400000 0.000000
-0.400000 0.500000 -1.000000
-0.400000 0.400000 -1.000000
-0.500000 0.400000 -1.000000
-0.500000 0.500000 -1.000000
-0.400000 0.500000 0.000000
-0.400000 0.400000 0.000000
-0.500000 0.400000 0.000000
-0.500000 0.500000 0.000000
-0.400000 -0.400000 -1.000000
-0.400000 -0.500000 -1.000000
-0.500000 -0.500000 -1.000000
-0.500000 -0.400000 -1.000000
-0.400000 -0.400000 0.000000
-0.400000 -0.500000 0.000000
-0.500000 -0.500000 0.000000
-0.500000 -0.400000 0.000000
0.500000 0.500000 0.000000
0.500000 -0.500000 0.000000
-0.500000 -0.500000 0.000000
-0.500000 0.500000 0.000000
0.500000 0.500000 0.100000
0.500000 -0.500000 0.100000
-0.500000 -0.500000 0.100000
-0.500000 0.500000 0.100000
0.500000 0.500000 0.100000
0.500000 0.400000 0.100000
0.400000 0.400000 0.100000
0.400000 0.500000 0.100000
0.500000 0.500000 1.000000
0.500000 0.400000 1.000000
0.400000 0.400000 1.000000
0.400000 0.500000 1.000000
0.500000 -0.400000 0.100000
0.500000 -0.500000 0.100000
0.400000 -0.500000 0.100000
0.400000 -0.400000 0.100000
0.500000 -0.400000 1.000000
0.500000 -0.500000 1.000000
0.400000 -0.500000 1.000000
0.400000 -0.400000 1.000000
0.500000 0.400000 0.800000
0.500000 -0.400000 0.800000
0.400000 -0.400000 0.800000
0.400000 0.400000 0.800000
0.500000 0.400000 0.900000
0.500000 -0.400000 0.900000
0.400000 -0.400000 0.900000
0.400000 0.400000 0.900000
0.500000 -0.100000 0.100000
0.500000 -0.200000 0.100000
0.400000 -0.200000 0.100000
0.400000 -0.100000 0.100000
0.500000 -0.100000 0.800000
0.500000 -0.200000 0.800000
0.400000 -0.200000 0.800000
0.400000 -0.100000 0.800000
0.500000 0.200000 0.100000
0.500000 0.100000 0.100000
0.400000 0.100000 0.100000
0.400000 0.200000 0.100000
0.500000 0.200000 0.800000
0.500000 0.100000 0.800000
0.400000 0.100000 0.800000
0.400000 0.200000 0.800000
120
1 2
1 4
2 3
3 4
1 5
2 6
3 7
4 8
5 6
5 8
6 7
7 8
9 10
9 12
10 11
11 12
13 14
13 16
14 15
15 16
9 13
10 14
11 15
12 16
17 18
17 20
18 19
19 20
21 22
21 24
22 23
23 24
17 21
18 22
19 23
20 24
25 26
25 28
26 27
27 28
29 30
29 32
30 31
31 32
25 29
26 30
27 31
28 32
33 34
33 36
34 35
35 36
37 38
37 40
38 39
39 40
33 37
34 38
35 39
36 40
41 42
41 44
42 43
43 44
41 45
42 46
43 47
44 48
45 46
45 48
46 47
47 48
49 50
49 52
50 51
51 52
53 54
53 56
54 55
55 56
49 53
50 54
51 55
52 56
57 58
57 60
58 59
59 60
61 62
61 64
62 63
63 64
57 61
58 62
59 63
60 64
65 66
65 68
66 67
67 68
69 70
69 72
70 71
71 72
65 69
66 70
67 71
68 72
73 74
73 76
74 75
75 76
77 78
77 80
78 79
79 80
73 77
74 78
75 79
76 80
